# MIDI-OX Version: 7.0.2.372
# MIDI To Text Format - Opened: Thu 17-Oct-2024 14:41:47
# The first MIDI event received will initiate timestamps
MFile 0 1 120
MTrk
0 TimeSig 4/4 24 8
0 Tempo 500000
1 SysEx F0 00 00 10 00 56 02 00 01 00 56 13 F7
2 SysEx F0 00 00 10 00 56 7E 00 01 70 00 49 F7
3 SysEx F0 00 00 10 00 56 06 00 01 00 6F 00 15 00 25 00 30 30\
         03 01 00 01 01 00 02 01 05 01 06 01 07 00 01 08 02 09\
         01 0A 02 00 0B 01 0C 01 0D 01 0E 00 01 0F 01 10 01 11\
         01 00 12 01 13 01 14 01 15 00 01 20 01 21 01 22 01 00\
         23 01 24 02 25 01 26 00 02 27 01 28 01 29 01 00 2A 01\
         2B 01 2C 02 2D 00 01 2E 01 70 01 71 01 00 72 01 73 01\
         74 01 75 00 01 76 01 7E 01 7F 01 41 F7
4 SysEx F0 00 00 10 00 56 08 00 02 01 02 3C 09 00 3D 00 09 00\
         4E F7
5 SysEx F0 00 00 10 00 56 13 00 01 30 41 41 41 41 41 00 41 00\
         41 41 41 41 41 00 41 00 32 43 48 55 4E 00 4B 00 57 41\
         52 50 4D 00 45 00 42 4C 4B 42 41 00 53 00 4D 45 41 54\
         58 00 32 00 45 52 49 43 20 00 4A 00 43 41 52 4C 4F 00\
         53 00 4B 4F 42 42 20 00 20 00 42 41 53 53 4D 00 4E 00\
         4D 41 54 43 48 00 44 00 56 4F 58 54 4F 00 50 00 42 4C\
         55 44 4C 00 59 00 42 4C 55 42 41 00 4C 00 54 45 58 42\
         4C 00 55 00 50 49 43 4B 45 00 4E 00 50 53 54 45 45 00\
         4C 00 41 20 4D 49 58 00 4F 00 4D 4F 20 57 41 00 48 00\
         46 41 5A 4F 55 00 54 00 54 48 49 43 4B 00 52 00 41 43\
         4F 55 53 00 54 00 43 4D 50 43 4C 00 4E 00 57 52 4D 43\
         4C 00 4E 00 52 45 43 54 46 00 59 00 53 4F 4C 4F 20 00\
         20 00 57 48 41 4D 4D 00 59 00 53 54 41 43 4B 00 44 00\
         56 4F 4C 53 57 00 4C 00 42 49 47 44 55 00 4B 00 4A 41\
         5A 5A 59 00\
         20 00 35 54 48 53 20 00 20 00 46 55 53 4F 4C 00 4F 00\
         53 55 52 46 49 00 4E 00 46 55 5A 5A 4F 00 20 00 54 52\
         45 4D 42 00 4F 00 43 4C 4E 57 41 00 48 00 46 4E 4B 50\
         48 00 53 00 45 4E 56 4C 4F 00 50 00 42 4C 4B 46 55 00\
         5A 00 54 55 4E 43 41 00 42 00 54 52 47 50 48 00 53 00\
         50 53 59 4E 54 00 48 00 52 4F 54 41 52 00 59 00 59 41\
         59 41 20 00 20 00 53 54 55 54 54 00 52 00 54 52 49 50\
         4C 00 54 00 44 49 56 42 4F 00 4D 00 64 F7
6 SysEx F0 00 00 10 00 56 21 00 01 02 00 41 41 41 41 09 41 41\
         00 7F 08 09 29 00 00 3A F7
7 SysEx F0 00 00 10 00 56 24 00 02 02 00 10 00 00 00 02 00 00\
         50 01 01 10 01 04 01 51 02 01 43 05 00 00 01 00 00 5C\
         52 03 01 40 74 06 00 01 01 0B 63 04 14 53 04 03 04 05\
         00 00 01 00 00 32 28 05 00 40 48 05 00 00 00 00 00 00\
         3C 06 01 2C 09 00 63 15 64 18 02 09 44 18 02 20 13 08\
         18 63 3D 07 01 00 5E 02 00 18 3C 08 01 00 2C 09 00 00\
         64 00 00 00 00 00 00 00 3D 09 01 00 5E 02 00 18 54 0A\
         02 00 26 04 00 00 00 00 55 10 0B 03 68 08 00 00 00 00\
         00 00 00 63 00 56 0C 00 02 58 08 00 00 0A 00 00 00 4B\
         63 00 57 0D 02 40 3D 07 00 00 00 00 00 00 63 00 14 0E\
         00 64 06 00 00 63 63 03 00 00 02 00 0F 00 02 00 75 F7
8 SysEx F0 00 00 10 00 56 2A 00 01 02 00 3C 06 00 00 00 44 49\
         52 45 43 54 00 02 02 4B 29 01 00 7A 02 01 00 00 00 00\
         55 15 70 00 29 01 00 77 06 00 71 04 09 00 7A 19 70 29\
         01 24 00 74 09 00 5E 19 00 50 0D 2A 70 29 01 00 71 02\
         0D 00 44 31 00 0A 4F 44 70 29 01 00 6F 10 00 46 25 4F\
         00 6A 0F 70 29 00 01 00 6C 14 00 01 75 18 00 2A 71 70\
         29 01 00 45 69 17 00 57 21 00 41 20 7B 71 29 01 00 66\
         1B 31 00 27 54 00 2B 36 72 39 55 7E 7F 63 1E 00 71 05\
         0E 01 63 27 73 55 7E 64 7F 5F 19 00 35 47 01 57 0C 53\
         74 55 7E 7F 5C 01 14 00 71 76 01 77 33 5C 75 55 7E 7F\
         58 0F 00 22 25 1B 01 19 3D 77 55 73 7E 7F 54 0A 00 53\
         35 1B 01 6B 66 78 55 7E 7F 44 50 05 00 77 46 01 67 6E\
         25 7A 55 7E 7F 4C 00 11 00 15 4D 01 03 70 7C 3F 55 7E\
         7F 49 7B 7F 2A 47 49 01 39 3C 7E 5E 7F 7A 7F 45 76 7F\
         38 3C 01 0E\
         00 00 00 5E 7F 7F 5F 6B 76 7F 5B 29 01 5B 32 3F 01 5E\
         7F 7F 79 75 7F 61 32 15 01 73 52 03 5E 7D 7F 7F 12 75\
         7F 3C 01 37 01 7C 5D 04 5E 7F 7F 39 2C 75 7F 7A 6B 01\
         29 1F 54 06 5E 7F 7F 46 74 66 7F 6B 55 01 2C 35 07 76\
         5E 7F 7F 5F 74 7F 0F 03 3F 01 3A 00 09 5E 7F 78 7F 79\
         73 7F 67 27 01 4F 07 33 0A 20 7F 7F 13 72 73 7F 71 0E\
         01 45 4E 3B 0B 20 7F 7F 72 72 7F 69 76 74 00 69 50 0C\
         20 6F 7F 7F 52 71 7F 39 58 27 00 71 37 0D 20 7F 7F 35\
         32 70 7F 3C 3A 00 1C 1D 01 0E 20 7F 7F 11 6F 56 7F 7E\
         19 00 29 2B 0E 7E 20 7F 7F 71 6D 7F 7F 13 76 00 58 33\
         0F 20 7F 78 7F 51 6C 7F 40 51 00 6F 69 17 0F 20 7F 7F\
         30 73 6B 7F 40 29 00 1A 55 05 0F 00 00 20 3B 45 60 04\
         00 00 00 45 3A 1F 00 01 00 00 00 00 20 40 0D 44 40 1E\
         75 1F 40 72 3F 71 62 0A 60 00 00 20 07 29 65 41 1F 29\
         1E 79 1A 28\
         3E 61 56 61 00 00 20 54 5E 5B 42 42 4C 1D 22 54 24 3D\
         3E 33 62 00 00 1E 20 3A 5E 44 3A 3C 1B 42 46 21 3B 46\
         43 64 00 15 00 20 55 24 50 4E 16 15 14 2B 5B 2F 32 69\
         6B 03 00 00 20 08 24 63 07 58 78 0B 78 5B 1C 79 07 45\
         74 00 00 20 54 5A 71 04 00 00 00 2C 25 0E 00 11 00 00\
         6E 21 0A 12 5E 46 75 00 00 00 31 68 1F 01 00 00 00 00\
         00 20 6F 70 30 40 45 52 1F 11 4F 18 3F 3B 2D 60 00 00\
         20 54 5E 5B 42 42 4C 1D 22 54 24 3D 3E 33 62 00 00 08\
         20 68 07 68 00 00 00 60 18 78 17 00 00 00 00 54 16 05\
         5C 0B 38 0C 0C 00 0C 63 63 00 00 08 00 14 00 00 62 7A\
         7C 00 00 40 60 23 F7
9 SysEx F0 00 00 10 00 56 2A 00 01 02 00 3D 07 00 00 00 44 49\
         52 45 43 54 00 00 01 00 00 10 00 00 00 00 00 00 00 00\
         00 00 00 00 00 00 00 00 00 00 00 00 00 00 00 00 00 00\
         00 00 00 00 00 00 00 00 00 00 00 00 00 00 00 00 00 00\
         00 00 00 00 00 00 00 00 00 00 00 00 00 00 00 00 00 00\
         00 00 00 00 00 00 00 00 00 00 00 00 00 00 00 00 00 00\
         00 00 00 00 00 00 00 00 00 00 00 00 00 00 00 00 00 00\
         00 00 00 00 00 00 00 00 00 00 00 00 00 00 00 00 00 00\
         00 00 00 00 00 00 00 00 00 00 00 00 00 00 00 00 00 00\
         00 00 00 00 00 00 00 00 00 00 00 00 00 00 00 00 00 00\
         00 00 00 00 00 00 00 00 00 00 00 00 00 00 00 00 00 00\
         00 00 00 00 00 00 00 00 00 00 00 00 00 00 00 00 00 00\
         00 00 00 00 00 00 00 00 00 00 00 00 00 00 00 00 00 00\
         00 00 00 00 00 00 00 00 00 00 00 00 00 00 00 00 00 00\
         00 00 00 00\
         00 00 00 00 00 00 00 00 00 00 00 00 00 00 00 00 00 00\
         00 00 00 00 00 00 00 00 00 00 00 00 00 00 00 00 00 00\
         00 00 00 00 00 00 00 00 00 00 00 00 00 00 00 00 00 00\
         00 00 00 00 00 00 00 00 49 F7
10 SysEx F0 00 00 10 00 56 2A 00 01 02 00 3C 08 00 00 00 44 49\
         52 45 43 54 00 02 02 4B 29 01 00 7A 02 01 00 00 00 00\
         55 15 70 00 29 01 00 77 06 00 71 04 09 00 7A 19 70 29\
         01 24 00 74 09 00 5E 19 00 50 0D 2A 70 29 01 00 71 02\
         0D 00 44 31 00 0A 4F 44 70 29 01 00 6F 10 00 46 25 4F\
         00 6A 0F 70 29 00 01 00 6C 14 00 01 75 18 00 2A 71 70\
         29 01 00 45 69 17 00 57 21 00 41 20 7B 71 29 01 00 66\
         1B 31 00 27 54 00 2B 36 72 39 55 7E 7F 63 1E 00 71 05\
         0E 01 63 27 73 55 7E 64 7F 5F 19 00 35 47 01 57 0C 53\
         74 55 7E 7F 5C 01 14 00 71 76 01 77 33 5C 75 55 7E 7F\
         58 0F 00 22 25 1B 01 19 3D 77 55 73 7E 7F 54 0A 00 53\
         35 1B 01 6B 66 78 55 7E 7F 44 50 05 00 77 46 01 67 6E\
         25 7A 55 7E 7F 4C 00 11 00 15 4D 01 03 70 7C 3F 55 7E\
         7F 49 7B 7F 2A 47 49 01 39 3C 7E 5E 7F 7A 7F 45 76 7F\
         38 3C 01 0E\
         00 00 00 5E 7F 7F 5F 6B 76 7F 5B 29 01 5B 32 3F 01 5E\
         7F 7F 79 75 7F 61 32 15 01 73 52 03 5E 7D 7F 7F 12 75\
         7F 3C 01 37 01 7C 5D 04 5E 7F 7F 39 2C 75 7F 7A 6B 01\
         29 1F 54 06 5E 7F 7F 46 74 66 7F 6B 55 01 2C 35 07 76\
         5E 7F 7F 5F 74 7F 0F 03 3F 01 3A 00 09 5E 7F 78 7F 79\
         73 7F 67 27 01 4F 07 33 0A 20 7F 7F 13 72 73 7F 71 0E\
         01 45 4E 3B 0B 20 7F 7F 72 72 7F 69 76 74 00 69 50 0C\
         20 6F 7F 7F 52 71 7F 39 58 27 00 71 37 0D 20 7F 7F 35\
         32 70 7F 3C 3A 00 1C 1D 01 0E 20 7F 7F 11 6F 56 7F 7E\
         19 00 29 2B 0E 7E 20 7F 7F 71 6D 7F 7F 13 76 00 58 33\
         0F 20 7F 78 7F 51 6C 7F 40 51 00 6F 69 17 0F 20 7F 7F\
         30 73 6B 7F 40 29 00 1A 55 05 0F 00 00 20 3B 45 60 04\
         00 00 00 45 3A 1F 00 01 00 00 00 00 20 40 0D 44 40 1E\
         75 1F 40 72 3F 71 62 0A 60 00 00 20 07 29 65 41 1F 29\
         1E 79 1A 28\
         3E 61 56 61 00 00 20 54 5E 5B 42 42 4C 1D 22 54 24 3D\
         3E 33 62 00 00 1E 20 3A 5E 44 3A 3C 1B 42 46 21 3B 46\
         43 64 00 15 00 20 55 24 50 4E 16 15 14 2B 5B 2F 32 69\
         6B 03 00 00 20 08 24 63 07 58 78 0B 78 5B 1C 79 07 45\
         74 00 00 20 54 5A 71 04 00 00 00 2C 25 0E 00 11 00 00\
         6E 21 0A 12 5E 46 75 00 00 00 31 68 1F 01 00 00 00 00\
         00 20 6F 70 30 40 45 52 1F 11 4F 18 3F 3B 2D 60 00 00\
         20 54 5E 5B 42 42 4C 1D 22 54 24 3D 3E 33 62 00 00 08\
         20 68 07 68 00 00 00 60 18 78 17 00 00 00 00 54 16 05\
         5C 0B 38 0C 0C 00 0C 63 63 00 00 08 00 14 00 00 62 7A\
         7C 00 00 40 60 2D F7
11 SysEx F0 00 00 10 00 56 2A 00 01 02 00 3D 09 00 00 00 44 49\
         52 45 43 54 00 00 01 00 00 10 00 00 00 00 00 00 00 00\
         00 00 00 00 00 00 00 00 00 00 00 00 00 00 00 00 00 00\
         00 00 00 00 00 00 00 00 00 00 00 00 00 00 00 00 00 00\
         00 00 00 00 00 00 00 00 00 00 00 00 00 00 00 00 00 00\
         00 00 00 00 00 00 00 00 00 00 00 00 00 00 00 00 00 00\
         00 00 00 00 00 00 00 00 00 00 00 00 00 00 00 00 00 00\
         00 00 00 00 00 00 00 00 00 00 00 00 00 00 00 00 00 00\
         00 00 00 00 00 00 00 00 00 00 00 00 00 00 00 00 00 00\
         00 00 00 00 00 00 00 00 00 00 00 00 00 00 00 00 00 00\
         00 00 00 00 00 00 00 00 00 00 00 00 00 00 00 00 00 00\
         00 00 00 00 00 00 00 00 00 00 00 00 00 00 00 00 00 00\
         00 00 00 00 00 00 00 00 00 00 00 00 00 00 00 00 00 00\
         00 00 00 00 00 00 00 00 00 00 00 00 00 00 00 00 00 00\
         00 00 00 00\
         00 00 00 00 00 00 00 00 00 00 00 00 00 00 00 00 00 00\
         00 00 00 00 00 00 00 00 00 00 00 00 00 00 00 00 00 00\
         00 00 00 00 00 00 00 00 00 00 00 00 00 00 00 00 00 00\
         00 00 00 00 00 00 00 00 47 F7
12 SysEx F0 00 00 10 00 56 26 04 02 02 00 03 00 00 03 44 7F 00\
         00 00 7F 00 00 22 00 7F 00 00 00 0A 02 08 00 00 01 7F\
         00 00 00 42 0B 02 00 00 01 7F 00 00 00 00 36 F7
13 SysEx F0 00 00 10 00 56 28 00 01 02 00 10 00 00 00 00 01 50\
         01 01 01 00 00 00 51 02 01 01 01 00 52 00 03 01 01 02\
         00 53 04 00 01 01 03 00 28 05 00 00 00 3C 06 01 01 04\
         00 00 3D 07 01 01 06 00 3C 00 08 01 01 04 00 3D 09 00\
         01 01 08 00 54 0A 01 00 01 07 00 55 0B 01 02 00 0A 00\
         56 0C 02 02 0B 00 00 0B 01 57 0D 02 02 00 0C 00 0C 01\
         14 0E 00 00 00 02 0F 02 00 0D 00 00 0D 01 41 F7
14 SysEx F0 00 00 10 00 56 22 00 01 65 F7
15 SysEx F0 00 00 10 00 56 7E 00 01 2E 00 17 F7
16 SysEx F0 00 00 10 00 56 7E 00 01 76 00 4F F7
17 SysEx F0 00 00 10 00 56 7E 00 01 76 00 4F F7
18 SysEx F0 00 00 10 00 56 7E 00 01 76 00 4F F7
19 SysEx F0 00 00 10 00 56 7E 00 01 76 00 4F F7
20 SysEx F0 00 00 10 00 56 7E 00 01 76 00 4F F7
21 SysEx F0 00 00 10 00 56 7E 00 01 76 00 4F F7
22 SysEx F0 00 00 10 00 56 7E 00 01 76 00 4F F7
23 SysEx F0 00 00 10 00 56 7E 00 01 76 00 4F F7
24 SysEx F0 00 00 10 00 56 7E 00 01 76 00 4F F7
25 SysEx F0 00 00 10 00 56 7E 00 01 76 00 4F F7
26 SysEx F0 00 00 10 00 56 7E 00 01 76 00 4F F7
27 SysEx F0 00 00 10 00 56 7E 00 01 76 00 4F F7
28 SysEx F0 00 00 10 00 56 7E 00 01 76 00 4F F7
29 SysEx F0 00 00 10 00 56 7E 00 01 76 00 4F F7
30 SysEx F0 00 00 10 00 56 7E 00 01 76 00 4F F7
31 SysEx F0 00 00 10 00 56 7E 00 01 76 00 4F F7
32 SysEx F0 00 00 10 00 56 7E 00 01 76 00 4F F7
33 SysEx F0 00 00 10 00 56 7E 00 01 76 00 4F F7
34 SysEx F0 00 00 10 00 56 7E 00 01 76 00 4F F7
35 SysEx F0 00 00 10 00 56 7E 00 01 76 00 4F F7
36 SysEx F0 00 00 10 00 56 7E 00 01 76 00 4F F7
37 SysEx F0 00 00 10 00 56 7E 00 01 76 00 4F F7
38 SysEx F0 00 00 10 00 56 7E 00 01 76 00 4F F7
39 SysEx F0 00 00 10 00 56 7E 00 01 76 00 4F F7
40 SysEx F0 00 00 10 00 56 7E 00 01 76 00 4F F7
41 SysEx F0 00 00 10 00 56 7E 00 01 76 00 4F F7
42 SysEx F0 00 00 10 00 56 7E 00 01 76 00 4F F7
43 SysEx F0 00 00 10 00 56 7E 00 01 76 00 4F F7
44 SysEx F0 00 00 10 00 56 7E 00 01 76 00 4F F7
45 SysEx F0 00 00 10 00 56 7E 00 01 76 00 4F F7
46 SysEx F0 00 00 10 00 56 7E 00 01 76 00 4F F7
47 SysEx F0 00 00 10 00 56 7E 00 01 76 00 4F F7
48 SysEx F0 00 00 10 00 56 7E 00 01 76 00 4F F7
49 SysEx F0 00 00 10 00 56 7E 00 01 76 00 4F F7
50 SysEx F0 00 00 10 00 56 7E 00 01 76 00 4F F7
51 SysEx F0 00 00 10 00 56 7E 00 01 76 00 4F F7
52 SysEx F0 00 00 10 00 56 7E 00 01 76 00 4F F7
53 SysEx F0 00 00 10 00 56 7E 00 01 76 00 4F F7
54 SysEx F0 00 00 10 00 56 7E 00 01 76 00 4F F7
55 SysEx F0 00 00 10 00 56 7E 00 01 76 00 4F F7
56 SysEx F0 00 00 10 00 56 7E 00 01 76 00 4F F7
57 SysEx F0 00 00 10 00 56 7E 00 01 76 00 4F F7
58 SysEx F0 00 00 10 00 56 7E 00 01 76 00 4F F7
59 SysEx F0 00 00 10 00 56 7E 00 01 76 00 4F F7
60 SysEx F0 00 00 10 00 56 7E 00 01 76 00 4F F7
61 SysEx F0 00 00 10 00 56 7E 00 01 76 00 4F F7
62 SysEx F0 00 00 10 00 56 7E 00 01 76 00 4F F7
63 SysEx F0 00 00 10 00 56 7E 00 01 76 00 4F F7
64 SysEx F0 00 00 10 00 56 7E 00 01 76 00 4F F7
65 SysEx F0 00 00 10 00 56 7E 00 01 76 00 4F F7
66 SysEx F0 00 00 10 00 56 7E 00 01 76 00 4F F7
67 SysEx F0 00 00 10 00 56 7E 00 01 76 00 4F F7
68 SysEx F0 00 00 10 00 56 7E 00 01 76 00 4F F7
69 SysEx F0 00 00 10 00 56 7E 00 01 76 00 4F F7
70 SysEx F0 00 00 10 00 56 7E 00 01 76 00 4F F7
71 SysEx F0 00 00 10 00 56 7E 00 01 76 00 4F F7
72 SysEx F0 00 00 10 00 56 7E 00 01 76 00 4F F7
73 SysEx F0 00 00 10 00 56 7E 00 01 76 00 4F F7
74 SysEx F0 00 00 10 00 56 7E 00 01 76 00 4F F7
75 SysEx F0 00 00 10 00 56 7E 00 01 76 00 4F F7
76 SysEx F0 00 00 10 00 56 7E 00 01 76 00 4F F7
77 SysEx F0 00 00 10 00 56 7E 00 01 76 00 4F F7
78 SysEx F0 00 00 10 00 56 7E 00 01 76 00 4F F7
79 SysEx F0 00 00 10 00 56 7E 00 01 76 00 4F F7
80 SysEx F0 00 00 10 00 56 7E 00 01 76 00 4F F7
81 SysEx F0 00 00 10 00 56 7E 00 01 76 00 4F F7
82 SysEx F0 00 00 10 00 56 7E 00 01 76 00 4F F7
83 SysEx F0 00 00 10 00 56 7E 00 01 76 00 4F F7
84 SysEx F0 00 00 10 00 56 7E 00 01 76 00 4F F7
85 SysEx F0 00 00 10 00 56 7E 00 01 76 00 4F F7
86 SysEx F0 00 00 10 00 56 7E 00 01 76 00 4F F7
87 SysEx F0 00 00 10 00 56 7E 00 01 76 00 4F F7
88 SysEx F0 00 00 10 00 56 7E 00 01 76 00 4F F7
89 SysEx F0 00 00 10 00 56 7E 00 01 76 00 4F F7
90 SysEx F0 00 00 10 00 56 7E 00 01 76 00 4F F7
91 SysEx F0 00 00 10 00 56 7E 00 01 76 00 4F F7
92 SysEx F0 00 00 10 00 56 7E 00 01 76 00 4F F7
93 SysEx F0 00 00 10 00 56 7E 00 01 76 00 4F F7
94 SysEx F0 00 00 10 00 56 7E 00 01 76 00 4F F7
95 SysEx F0 00 00 10 00 56 7E 00 01 76 00 4F F7
96 SysEx F0 00 00 10 00 56 7E 00 01 76 00 4F F7
97 SysEx F0 00 00 10 00 56 7E 00 01 76 00 4F F7
98 SysEx F0 00 00 10 00 56 7E 00 01 76 00 4F F7
99 SysEx F0 00 00 10 00 56 7E 00 01 76 00 4F F7
100 SysEx F0 00 00 10 00 56 7E 00 01 76 00 4F F7
101 SysEx F0 00 00 10 00 56 7E 00 01 76 00 4F F7
102 SysEx F0 00 00 10 00 56 7E 00 01 76 00 4F F7
103 SysEx F0 00 00 10 00 56 7E 00 01 76 00 4F F7
104 SysEx F0 00 00 10 00 56 7E 00 01 76 00 4F F7
105 SysEx F0 00 00 10 00 56 7E 00 01 76 00 4F F7
106 SysEx F0 00 00 10 00 56 7E 00 01 76 00 4F F7
107 SysEx F0 00 00 10 00 56 7E 00 01 76 00 4F F7
108 SysEx F0 00 00 10 00 56 7E 00 01 76 00 4F F7
109 SysEx F0 00 00 10 00 56 7E 00 01 76 00 4F F7
110 SysEx F0 00 00 10 00 56 7E 00 01 76 00 4F F7
111 SysEx F0 00 00 10 00 56 7E 00 01 76 00 4F F7
112 SysEx F0 00 00 10 00 56 7E 00 01 76 00 4F F7
113 SysEx F0 00 00 10 00 56 7E 00 01 76 00 4F F7
114 SysEx F0 00 00 10 00 56 7E 00 01 76 00 4F F7
115 SysEx F0 00 00 10 00 56 7E 00 01 76 00 4F F7
116 SysEx F0 00 00 10 00 56 7E 00 01 76 00 4F F7
117 SysEx F0 00 00 10 00 56 7E 00 01 76 00 4F F7
118 SysEx F0 00 00 10 00 56 7E 00 01 76 00 4F F7
119 SysEx F0 00 00 10 00 56 7E 00 01 76 00 4F F7
120 SysEx F0 00 00 10 00 56 7E 00 01 76 00 4F F7
121 SysEx F0 00 00 10 00 56 7E 00 01 76 00 4F F7
122 SysEx F0 00 00 10 00 56 7E 00 01 76 00 4F F7
123 SysEx F0 00 00 10 00 56 7E 00 01 76 00 4F F7
124 SysEx F0 00 00 10 00 56 7E 00 01 76 00 4F F7
125 SysEx F0 00 00 10 00 56 7E 00 01 76 00 4F F7
126 SysEx F0 00 00 10 00 56 7E 00 01 76 00 4F F7
127 SysEx F0 00 00 10 00 56 7E 00 01 76 00 4F F7
128 SysEx F0 00 00 10 00 56 7E 00 01 76 00 4F F7
129 SysEx F0 00 00 10 00 56 7E 00 01 76 00 4F F7
130 SysEx F0 00 00 10 00 56 7E 00 01 76 00 4F F7
131 SysEx F0 00 00 10 00 56 7E 00 01 76 00 4F F7
132 SysEx F0 00 00 10 00 56 7E 00 01 76 00 4F F7
133 SysEx F0 00 00 10 00 56 7E 00 01 76 00 4F F7
134 SysEx F0 00 00 10 00 56 7E 00 01 76 00 4F F7
135 SysEx F0 00 00 10 00 56 7E 00 01 76 00 4F F7
136 SysEx F0 00 00 10 00 56 7E 00 01 76 00 4F F7
137 SysEx F0 00 00 10 00 56 7E 00 01 76 00 4F F7
138 SysEx F0 00 00 10 00 56 7E 00 01 76 00 4F F7
139 SysEx F0 00 00 10 00 56 7E 00 01 76 00 4F F7
140 SysEx F0 00 00 10 00 56 7E 00 01 76 00 4F F7
141 SysEx F0 00 00 10 00 56 7E 00 01 76 00 4F F7
142 SysEx F0 00 00 10 00 56 7E 00 01 76 00 4F F7
143 SysEx F0 00 00 10 00 56 7E 00 01 76 00 4F F7
144 SysEx F0 00 00 10 00 56 7E 00 01 76 00 4F F7
145 SysEx F0 00 00 10 00 56 7E 00 01 76 00 4F F7
146 SysEx F0 00 00 10 00 56 7E 00 01 76 00 4F F7
147 SysEx F0 00 00 10 00 56 7E 00 01 76 00 4F F7
148 SysEx F0 00 00 10 00 56 7E 00 01 76 00 4F F7
149 SysEx F0 00 00 10 00 56 7E 00 01 76 00 4F F7
150 SysEx F0 00 00 10 00 56 7E 00 01 76 00 4F F7
151 SysEx F0 00 00 10 00 56 7E 00 01 76 00 4F F7
152 SysEx F0 00 00 10 00 56 7E 00 01 76 00 4F F7
153 SysEx F0 00 00 10 00 56 7E 00 01 76 00 4F F7
154 SysEx F0 00 00 10 00 56 7E 00 01 76 00 4F F7
155 SysEx F0 00 00 10 00 56 7E 00 01 76 00 4F F7
156 SysEx F0 00 00 10 00 56 7E 00 01 76 00 4F F7
157 SysEx F0 00 00 10 00 56 7E 00 01 76 00 4F F7
158 SysEx F0 00 00 10 00 56 7E 00 01 76 00 4F F7
159 SysEx F0 00 00 10 00 56 7E 00 01 76 00 4F F7
160 SysEx F0 00 00 10 00 56 7E 00 01 76 00 4F F7
161 SysEx F0 00 00 10 00 56 7E 00 01 76 00 4F F7
162 SysEx F0 00 00 10 00 56 7E 00 01 76 00 4F F7
163 SysEx F0 00 00 10 00 56 7E 00 01 76 00 4F F7
164 SysEx F0 00 00 10 00 56 7E 00 01 76 00 4F F7
165 SysEx F0 00 00 10 00 56 7E 00 01 76 00 4F F7
166 SysEx F0 00 00 10 00 56 7E 00 01 76 00 4F F7
167 SysEx F0 00 00 10 00 56 7E 00 01 76 00 4F F7
168 SysEx F0 00 00 10 00 56 7E 00 01 76 00 4F F7
169 SysEx F0 00 00 10 00 56 7E 00 01 76 00 4F F7
170 SysEx F0 00 00 10 00 56 7E 00 01 76 00 4F F7
171 SysEx F0 00 00 10 00 56 7E 00 01 76 00 4F F7
172 SysEx F0 00 00 10 00 56 7E 00 01 76 00 4F F7
173 SysEx F0 00 00 10 00 56 7E 00 01 76 00 4F F7
174 SysEx F0 00 00 10 00 56 7E 00 01 76 00 4F F7
175 SysEx F0 00 00 10 00 56 7E 00 01 76 00 4F F7
176 SysEx F0 00 00 10 00 56 7E 00 01 76 00 4F F7
177 SysEx F0 00 00 10 00 56 7E 00 01 76 00 4F F7
178 SysEx F0 00 00 10 00 56 7E 00 01 76 00 4F F7
179 SysEx F0 00 00 10 00 56 7E 00 01 76 00 4F F7
180 SysEx F0 00 00 10 00 56 7E 00 01 76 00 4F F7
181 SysEx F0 00 00 10 00 56 7E 00 01 76 00 4F F7
182 SysEx F0 00 00 10 00 56 7E 00 01 76 00 4F F7
183 SysEx F0 00 00 10 00 56 7E 00 01 76 00 4F F7
184 SysEx F0 00 00 10 00 56 7E 00 01 76 00 4F F7
185 SysEx F0 00 00 10 00 56 7E 00 01 76 00 4F F7
186 SysEx F0 00 00 10 00 56 7E 00 01 76 00 4F F7
187 SysEx F0 00 00 10 00 56 7E 00 01 76 00 4F F7
188 SysEx F0 00 00 10 00 56 7E 00 01 76 00 4F F7
189 SysEx F0 00 00 10 00 56 7E 00 01 76 00 4F F7
190 SysEx F0 00 00 10 00 56 7E 00 01 76 00 4F F7
191 SysEx F0 00 00 10 00 56 7E 00 01 76 00 4F F7
192 SysEx F0 00 00 10 00 56 7E 00 01 76 00 4F F7
193 SysEx F0 00 00 10 00 56 7E 00 01 76 00 4F F7
194 SysEx F0 00 00 10 00 56 7E 00 01 76 00 4F F7
195 SysEx F0 00 00 10 00 56 7E 00 01 76 00 4F F7
196 SysEx F0 00 00 10 00 56 7E 00 01 76 00 4F F7
197 SysEx F0 00 00 10 00 56 7E 00 01 76 00 4F F7
198 SysEx F0 00 00 10 00 56 7E 00 01 76 00 4F F7
199 SysEx F0 00 00 10 00 56 7E 00 01 76 00 4F F7
200 SysEx F0 00 00 10 00 56 7E 00 01 76 00 4F F7
201 SysEx F0 00 00 10 00 56 7E 00 01 76 00 4F F7
202 SysEx F0 00 00 10 00 56 7E 00 01 76 00 4F F7
203 SysEx F0 00 00 10 00 56 7E 00 01 76 00 4F F7
204 SysEx F0 00 00 10 00 56 7E 00 01 76 00 4F F7
205 SysEx F0 00 00 10 00 56 7E 00 01 76 00 4F F7
206 SysEx F0 00 00 10 00 56 7E 00 01 76 00 4F F7
207 SysEx F0 00 00 10 00 56 7E 00 01 76 00 4F F7
208 SysEx F0 00 00 10 00 56 7E 00 01 76 00 4F F7
209 SysEx F0 00 00 10 00 56 7E 00 01 76 00 4F F7
210 SysEx F0 00 00 10 00 56 7E 00 01 76 00 4F F7
211 SysEx F0 00 00 10 00 56 7E 00 01 76 00 4F F7
212 SysEx F0 00 00 10 00 56 7E 00 01 76 00 4F F7
213 SysEx F0 00 00 10 00 56 7E 00 01 76 00 4F F7
214 SysEx F0 00 00 10 00 56 7E 00 01 76 00 4F F7
215 SysEx F0 00 00 10 00 56 7E 00 01 76 00 4F F7
216 SysEx F0 00 00 10 00 56 7E 00 01 76 00 4F F7
217 SysEx F0 00 00 10 00 56 7E 00 01 76 00 4F F7
218 SysEx F0 00 00 10 00 56 7E 00 01 76 00 4F F7
219 SysEx F0 00 00 10 00 56 7E 00 01 76 00 4F F7
220 SysEx F0 00 00 10 00 56 7E 00 01 76 00 4F F7
221 SysEx F0 00 00 10 00 56 7E 00 01 76 00 4F F7
222 SysEx F0 00 00 10 00 56 7E 00 01 76 00 4F F7
223 SysEx F0 00 00 10 00 56 7E 00 01 76 00 4F F7
224 SysEx F0 00 00 10 00 56 7E 00 01 76 00 4F F7
225 SysEx F0 00 00 10 00 56 7E 00 01 76 00 4F F7
226 SysEx F0 00 00 10 00 56 7E 00 01 76 00 4F F7
227 SysEx F0 00 00 10 00 56 7E 00 01 76 00 4F F7
228 SysEx F0 00 00 10 00 56 7E 00 01 76 00 4F F7
229 SysEx F0 00 00 10 00 56 7E 00 01 76 00 4F F7
230 SysEx F0 00 00 10 00 56 7E 00 01 76 00 4F F7
231 SysEx F0 00 00 10 00 56 7E 00 01 76 00 4F F7
232 SysEx F0 00 00 10 00 56 7E 00 01 76 00 4F F7
233 SysEx F0 00 00 10 00 56 7E 00 01 76 00 4F F7
234 SysEx F0 00 00 10 00 56 7E 00 01 76 00 4F F7
235 SysEx F0 00 00 10 00 56 7E 00 01 76 00 4F F7
236 SysEx F0 00 00 10 00 56 7E 00 01 76 00 4F F7
237 SysEx F0 00 00 10 00 56 7E 00 01 76 00 4F F7
238 SysEx F0 00 00 10 00 56 7E 00 01 76 00 4F F7
239 SysEx F0 00 00 10 00 56 7E 00 01 76 00 4F F7
240 SysEx F0 00 00 10 00 56 7E 00 01 76 00 4F F7
241 SysEx F0 00 00 10 00 56 7E 00 01 76 00 4F F7
242 SysEx F0 00 00 10 00 56 7E 00 01 76 00 4F F7
243 SysEx F0 00 00 10 00 56 7E 00 01 76 00 4F F7
244 SysEx F0 00 00 10 00 56 7E 00 01 76 00 4F F7
245 SysEx F0 00 00 10 00 56 7E 00 01 76 00 4F F7
246 SysEx F0 00 00 10 00 56 7E 00 01 76 00 4F F7
247 SysEx F0 00 00 10 00 56 7E 00 01 76 00 4F F7
248 SysEx F0 00 00 10 00 56 7E 00 01 76 00 4F F7
249 SysEx F0 00 00 10 00 56 7E 00 01 76 00 4F F7
250 SysEx F0 00 00 10 00 56 7E 00 01 76 00 4F F7
251 SysEx F0 00 00 10 00 56 7E 00 01 76 00 4F F7
252 SysEx F0 00 00 10 00 56 7E 00 01 76 00 4F F7
253 SysEx F0 00 00 10 00 56 7E 00 01 76 00 4F F7
254 SysEx F0 00 00 10 00 56 7E 00 01 76 00 4F F7
255 SysEx F0 00 00 10 00 56 7E 00 01 76 00 4F F7
256 SysEx F0 00 00 10 00 56 7E 00 01 76 00 4F F7
257 SysEx F0 00 00 10 00 56 7E 00 01 76 00 4F F7
258 SysEx F0 00 00 10 00 56 7E 00 01 76 00 4F F7
259 SysEx F0 00 00 10 00 56 7E 00 01 76 00 4F F7
260 SysEx F0 00 00 10 00 56 7E 00 01 76 00 4F F7
261 SysEx F0 00 00 10 00 56 7E 00 01 76 00 4F F7
262 SysEx F0 00 00 10 00 56 7E 00 01 76 00 4F F7
263 SysEx F0 00 00 10 00 56 7E 00 01 76 00 4F F7
264 SysEx F0 00 00 10 00 56 7E 00 01 76 00 4F F7
265 SysEx F0 00 00 10 00 56 7E 00 01 76 00 4F F7
266 SysEx F0 00 00 10 00 56 7E 00 01 76 00 4F F7
267 SysEx F0 00 00 10 00 56 7E 00 01 76 00 4F F7
268 SysEx F0 00 00 10 00 56 7E 00 01 76 00 4F F7
269 SysEx F0 00 00 10 00 56 7E 00 01 76 00 4F F7
270 SysEx F0 00 00 10 00 56 7E 00 01 76 00 4F F7
271 SysEx F0 00 00 10 00 56 7E 00 01 76 00 4F F7
272 SysEx F0 00 00 10 00 56 7E 00 01 76 00 4F F7
273 SysEx F0 00 00 10 00 56 7E 00 01 76 00 4F F7
274 SysEx F0 00 00 10 00 56 7E 00 01 76 00 4F F7
275 SysEx F0 00 00 10 00 56 7E 00 01 76 00 4F F7
276 SysEx F0 00 00 10 00 56 7E 00 01 76 00 4F F7
277 SysEx F0 00 00 10 00 56 7E 00 01 76 00 4F F7
278 SysEx F0 00 00 10 00 56 7E 00 01 76 00 4F F7
279 SysEx F0 00 00 10 00 56 7E 00 01 76 00 4F F7
280 SysEx F0 00 00 10 00 56 7E 00 01 76 00 4F F7
281 SysEx F0 00 00 10 00 56 7E 00 01 76 00 4F F7
282 SysEx F0 00 00 10 00 56 7E 00 01 76 00 4F F7
283 SysEx F0 00 00 10 00 56 7E 00 01 76 00 4F F7
284 SysEx F0 00 00 10 00 56 7E 00 01 76 00 4F F7
285 SysEx F0 00 00 10 00 56 7E 00 01 76 00 4F F7
286 SysEx F0 00 00 10 00 56 7E 00 01 76 00 4F F7
287 SysEx F0 00 00 10 00 56 7E 00 01 76 00 4F F7
288 SysEx F0 00 00 10 00 56 7E 00 01 76 00 4F F7
289 SysEx F0 00 00 10 00 56 7E 00 01 76 00 4F F7
290 SysEx F0 00 00 10 00 56 7E 00 01 76 00 4F F7
291 SysEx F0 00 00 10 00 56 7E 00 01 76 00 4F F7
292 SysEx F0 00 00 10 00 56 7E 00 01 76 00 4F F7
293 SysEx F0 00 00 10 00 56 7E 00 01 76 00 4F F7
294 SysEx F0 00 00 10 00 56 7E 00 01 76 00 4F F7
295 SysEx F0 00 00 10 00 56 7E 00 01 76 00 4F F7
296 SysEx F0 00 00 10 00 56 7E 00 01 76 00 4F F7
297 SysEx F0 00 00 10 00 56 7E 00 01 76 00 4F F7
298 SysEx F0 00 00 10 00 56 7E 00 01 76 00 4F F7
299 SysEx F0 00 00 10 00 56 7E 00 01 76 00 4F F7
300 SysEx F0 00 00 10 00 56 7E 00 01 76 00 4F F7
301 SysEx F0 00 00 10 00 56 7E 00 01 76 00 4F F7
302 SysEx F0 00 00 10 00 56 7E 00 01 76 00 4F F7
303 SysEx F0 00 00 10 00 56 7E 00 01 76 00 4F F7
304 SysEx F0 00 00 10 00 56 7E 00 01 76 00 4F F7
305 SysEx F0 00 00 10 00 56 7E 00 01 76 00 4F F7
306 SysEx F0 00 00 10 00 56 7E 00 01 76 00 4F F7
307 SysEx F0 00 00 10 00 56 7E 00 01 76 00 4F F7
308 SysEx F0 00 00 10 00 56 7E 00 01 76 00 4F F7
309 SysEx F0 00 00 10 00 56 7E 00 01 76 00 4F F7
310 SysEx F0 00 00 10 00 56 7E 00 01 76 00 4F F7
311 SysEx F0 00 00 10 00 56 7E 00 01 76 00 4F F7
312 SysEx F0 00 00 10 00 56 7E 00 01 76 00 4F F7
313 SysEx F0 00 00 10 00 56 7E 00 01 76 00 4F F7
314 SysEx F0 00 00 10 00 56 7E 00 01 76 00 4F F7
315 SysEx F0 00 00 10 00 56 7E 00 01 76 00 4F F7
316 SysEx F0 00 00 10 00 56 7E 00 01 76 00 4F F7
317 SysEx F0 00 00 10 00 56 7E 00 01 76 00 4F F7
318 SysEx F0 00 00 10 00 56 7E 00 01 76 00 4F F7
319 SysEx F0 00 00 10 00 56 7E 00 01 76 00 4F F7
320 SysEx F0 00 00 10 00 56 7E 00 01 76 00 4F F7
321 SysEx F0 00 00 10 00 56 7E 00 01 76 00 4F F7
322 SysEx F0 00 00 10 00 56 7E 00 01 76 00 4F F7
323 SysEx F0 00 00 10 00 56 7E 00 01 76 00 4F F7
324 SysEx F0 00 00 10 00 56 7E 00 01 76 00 4F F7
325 SysEx F0 00 00 10 00 56 7E 00 01 76 00 4F F7
326 SysEx F0 00 00 10 00 56 7E 00 01 76 00 4F F7
327 SysEx F0 00 00 10 00 56 7E 00 01 76 00 4F F7
328 SysEx F0 00 00 10 00 56 7E 00 01 76 00 4F F7
329 SysEx F0 00 00 10 00 56 7E 00 01 76 00 4F F7
330 SysEx F0 00 00 10 00 56 7E 00 01 76 00 4F F7
331 SysEx F0 00 00 10 00 56 7E 00 01 76 00 4F F7
332 SysEx F0 00 00 10 00 56 7E 00 01 76 00 4F F7
333 SysEx F0 00 00 10 00 56 7E 00 01 76 00 4F F7
334 SysEx F0 00 00 10 00 56 7E 00 01 76 00 4F F7
335 SysEx F0 00 00 10 00 56 7E 00 01 76 00 4F F7
336 SysEx F0 00 00 10 00 56 7E 00 01 76 00 4F F7
337 SysEx F0 00 00 10 00 56 7E 00 01 76 00 4F F7
338 SysEx F0 00 00 10 00 56 7E 00 01 76 00 4F F7
339 SysEx F0 00 00 10 00 56 7E 00 01 76 00 4F F7
340 SysEx F0 00 00 10 00 56 7E 00 01 76 00 4F F7
341 SysEx F0 00 00 10 00 56 7E 00 01 76 00 4F F7
342 SysEx F0 00 00 10 00 56 7E 00 01 76 00 4F F7
343 SysEx F0 00 00 10 00 56 7E 00 01 76 00 4F F7
344 SysEx F0 00 00 10 00 56 7E 00 01 76 00 4F F7
345 SysEx F0 00 00 10 00 56 7E 00 01 76 00 4F F7
346 SysEx F0 00 00 10 00 56 7E 00 01 76 00 4F F7
347 SysEx F0 00 00 10 00 56 7E 00 01 76 00 4F F7
348 SysEx F0 00 00 10 00 56 7E 00 01 76 00 4F F7
349 SysEx F0 00 00 10 00 56 7E 00 01 76 00 4F F7
350 SysEx F0 00 00 10 00 56 7E 00 01 2D 00 14 F7
351 SysEx F0 00 00 10 00 56 21 00 01 01 00 41 41 41 41 09 41 41\
         00 7F 08 09 29 00 00 39 F7
352 SysEx F0 00 00 10 00 56 24 00 02 01 00 10 00 00 00 02 00 00\
         50 01 01 10 01 04 01 51 02 01 43 05 00 00 01 00 00 5C\
         52 03 01 40 74 06 00 01 01 0B 63 04 14 53 04 03 04 05\
         00 00 01 00 00 32 28 05 00 40 48 05 00 00 00 00 00 00\
         3C 06 01 2C 09 00 63 15 64 18 02 09 44 18 02 20 13 08\
         18 63 3D 07 01 00 5E 02 00 18 3C 08 01 00 2C 09 00 00\
         64 00 00 00 00 00 00 00 3D 09 01 00 5E 02 00 18 54 0A\
         02 00 26 04 00 00 00 00 55 10 0B 03 68 08 00 00 00 00\
         00 00 00 63 00 56 0C 00 02 58 08 00 00 0A 00 00 00 4B\
         63 00 57 0D 02 40 3D 07 00 00 00 00 00 00 63 00 14 0E\
         00 64 06 00 00 63 63 03 00 00 02 00 0F 00 02 00 76 F7
353 SysEx F0 00 00 10 00 56 2A 00 01 01 00 3C 06 00 00 00 44 49\
         52 45 43 54 00 02 02 4B 29 01 00 7A 02 01 00 00 00 00\
         55 15 70 00 29 01 00 77 06 00 71 04 09 00 7A 19 70 29\
         01 24 00 74 09 00 5E 19 00 50 0D 2A 70 29 01 00 71 02\
         0D 00 44 31 00 0A 4F 44 70 29 01 00 6F 10 00 46 25 4F\
         00 6A 0F 70 29 00 01 00 6C 14 00 01 75 18 00 2A 71 70\
         29 01 00 45 69 17 00 57 21 00 41 20 7B 71 29 01 00 66\
         1B 31 00 27 54 00 2B 36 72 39 55 7E 7F 63 1E 00 71 05\
         0E 01 63 27 73 55 7E 64 7F 5F 19 00 35 47 01 57 0C 53\
         74 55 7E 7F 5C 01 14 00 71 76 01 77 33 5C 75 55 7E 7F\
         58 0F 00 22 25 1B 01 19 3D 77 55 73 7E 7F 54 0A 00 53\
         35 1B 01 6B 66 78 55 7E 7F 44 50 05 00 77 46 01 67 6E\
         25 7A 55 7E 7F 4C 00 11 00 15 4D 01 03 70 7C 3F 55 7E\
         7F 49 7B 7F 2A 47 49 01 39 3C 7E 5E 7F 7A 7F 45 76 7F\
         38 3C 01 0E\
         00 00 00 5E 7F 7F 5F 6B 76 7F 5B 29 01 5B 32 3F 01 5E\
         7F 7F 79 75 7F 61 32 15 01 73 52 03 5E 7D 7F 7F 12 75\
         7F 3C 01 37 01 7C 5D 04 5E 7F 7F 39 2C 75 7F 7A 6B 01\
         29 1F 54 06 5E 7F 7F 46 74 66 7F 6B 55 01 2C 35 07 76\
         5E 7F 7F 5F 74 7F 0F 03 3F 01 3A 00 09 5E 7F 78 7F 79\
         73 7F 67 27 01 4F 07 33 0A 20 7F 7F 13 72 73 7F 71 0E\
         01 45 4E 3B 0B 20 7F 7F 72 72 7F 69 76 74 00 69 50 0C\
         20 6F 7F 7F 52 71 7F 39 58 27 00 71 37 0D 20 7F 7F 35\
         32 70 7F 3C 3A 00 1C 1D 01 0E 20 7F 7F 11 6F 56 7F 7E\
         19 00 29 2B 0E 7E 20 7F 7F 71 6D 7F 7F 13 76 00 58 33\
         0F 20 7F 78 7F 51 6C 7F 40 51 00 6F 69 17 0F 20 7F 7F\
         30 73 6B 7F 40 29 00 1A 55 05 0F 00 00 20 3B 45 60 04\
         00 00 00 45 3A 1F 00 01 00 00 00 00 20 40 0D 44 40 1E\
         75 1F 40 72 3F 71 62 0A 60 00 00 20 07 29 65 41 1F 29\
         1E 79 1A 28\
         3E 61 56 61 00 00 20 54 5E 5B 42 42 4C 1D 22 54 24 3D\
         3E 33 62 00 00 1E 20 3A 5E 44 3A 3C 1B 42 46 21 3B 46\
         43 64 00 15 00 20 55 24 50 4E 16 15 14 2B 5B 2F 32 69\
         6B 03 00 00 20 08 24 63 07 58 78 0B 78 5B 1C 79 07 45\
         74 00 00 20 54 5A 71 04 00 00 00 2C 25 0E 00 11 00 00\
         6E 21 0A 12 5E 46 75 00 00 00 31 68 1F 01 00 00 00 00\
         00 20 6F 70 30 40 45 52 1F 11 4F 18 3F 3B 2D 60 00 00\
         20 54 5E 5B 42 42 4C 1D 22 54 24 3D 3E 33 62 00 00 08\
         20 68 07 68 00 00 00 60 18 78 17 00 00 00 00 54 16 05\
         5C 0B 38 0C 0C 00 0C 63 63 00 00 08 00 14 00 00 62 7A\
         7C 00 00 40 60 20 F7
354 SysEx F0 00 00 10 00 56 2A 00 01 01 00 3D 07 00 00 00 44 49\
         52 45 43 54 00 00 01 00 00 10 00 00 00 00 00 00 00 00\
         00 00 00 00 00 00 00 00 00 00 00 00 00 00 00 00 00 00\
         00 00 00 00 00 00 00 00 00 00 00 00 00 00 00 00 00 00\
         00 00 00 00 00 00 00 00 00 00 00 00 00 00 00 00 00 00\
         00 00 00 00 00 00 00 00 00 00 00 00 00 00 00 00 00 00\
         00 00 00 00 00 00 00 00 00 00 00 00 00 00 00 00 00 00\
         00 00 00 00 00 00 00 00 00 00 00 00 00 00 00 00 00 00\
         00 00 00 00 00 00 00 00 00 00 00 00 00 00 00 00 00 00\
         00 00 00 00 00 00 00 00 00 00 00 00 00 00 00 00 00 00\
         00 00 00 00 00 00 00 00 00 00 00 00 00 00 00 00 00 00\
         00 00 00 00 00 00 00 00 00 00 00 00 00 00 00 00 00 00\
         00 00 00 00 00 00 00 00 00 00 00 00 00 00 00 00 00 00\
         00 00 00 00 00 00 00 00 00 00 00 00 00 00 00 00 00 00\
         00 00 00 00\
         00 00 00 00 00 00 00 00 00 00 00 00 00 00 00 00 00 00\
         00 00 00 00 00 00 00 00 00 00 00 00 00 00 00 00 00 00\
         00 00 00 00 00 00 00 00 00 00 00 00 00 00 00 00 00 00\
         00 00 00 00 00 00 00 00 4A F7
355 SysEx F0 00 00 10 00 56 2A 00 01 01 00 3C 08 00 00 00 44 49\
         52 45 43 54 00 02 02 4B 29 01 00 7A 02 01 00 00 00 00\
         55 15 70 00 29 01 00 77 06 00 71 04 09 00 7A 19 70 29\
         01 24 00 74 09 00 5E 19 00 50 0D 2A 70 29 01 00 71 02\
         0D 00 44 31 00 0A 4F 44 70 29 01 00 6F 10 00 46 25 4F\
         00 6A 0F 70 29 00 01 00 6C 14 00 01 75 18 00 2A 71 70\
         29 01 00 45 69 17 00 57 21 00 41 20 7B 71 29 01 00 66\
         1B 31 00 27 54 00 2B 36 72 39 55 7E 7F 63 1E 00 71 05\
         0E 01 63 27 73 55 7E 64 7F 5F 19 00 35 47 01 57 0C 53\
         74 55 7E 7F 5C 01 14 00 71 76 01 77 33 5C 75 55 7E 7F\
         58 0F 00 22 25 1B 01 19 3D 77 55 73 7E 7F 54 0A 00 53\
         35 1B 01 6B 66 78 55 7E 7F 44 50 05 00 77 46 01 67 6E\
         25 7A 55 7E 7F 4C 00 11 00 15 4D 01 03 70 7C 3F 55 7E\
         7F 49 7B 7F 2A 47 49 01 39 3C 7E 5E 7F 7A 7F 45 76 7F\
         38 3C 01 0E\
         00 00 00 5E 7F 7F 5F 6B 76 7F 5B 29 01 5B 32 3F 01 5E\
         7F 7F 79 75 7F 61 32 15 01 73 52 03 5E 7D 7F 7F 12 75\
         7F 3C 01 37 01 7C 5D 04 5E 7F 7F 39 2C 75 7F 7A 6B 01\
         29 1F 54 06 5E 7F 7F 46 74 66 7F 6B 55 01 2C 35 07 76\
         5E 7F 7F 5F 74 7F 0F 03 3F 01 3A 00 09 5E 7F 78 7F 79\
         73 7F 67 27 01 4F 07 33 0A 20 7F 7F 13 72 73 7F 71 0E\
         01 45 4E 3B 0B 20 7F 7F 72 72 7F 69 76 74 00 69 50 0C\
         20 6F 7F 7F 52 71 7F 39 58 27 00 71 37 0D 20 7F 7F 35\
         32 70 7F 3C 3A 00 1C 1D 01 0E 20 7F 7F 11 6F 56 7F 7E\
         19 00 29 2B 0E 7E 20 7F 7F 71 6D 7F 7F 13 76 00 58 33\
         0F 20 7F 78 7F 51 6C 7F 40 51 00 6F 69 17 0F 20 7F 7F\
         30 73 6B 7F 40 29 00 1A 55 05 0F 00 00 20 3B 45 60 04\
         00 00 00 45 3A 1F 00 01 00 00 00 00 20 40 0D 44 40 1E\
         75 1F 40 72 3F 71 62 0A 60 00 00 20 07 29 65 41 1F 29\
         1E 79 1A 28\
         3E 61 56 61 00 00 20 54 5E 5B 42 42 4C 1D 22 54 24 3D\
         3E 33 62 00 00 1E 20 3A 5E 44 3A 3C 1B 42 46 21 3B 46\
         43 64 00 15 00 20 55 24 50 4E 16 15 14 2B 5B 2F 32 69\
         6B 03 00 00 20 08 24 63 07 58 78 0B 78 5B 1C 79 07 45\
         74 00 00 20 54 5A 71 04 00 00 00 2C 25 0E 00 11 00 00\
         6E 21 0A 12 5E 46 75 00 00 00 31 68 1F 01 00 00 00 00\
         00 20 6F 70 30 40 45 52 1F 11 4F 18 3F 3B 2D 60 00 00\
         20 54 5E 5B 42 42 4C 1D 22 54 24 3D 3E 33 62 00 00 08\
         20 68 07 68 00 00 00 60 18 78 17 00 00 00 00 54 16 05\
         5C 0B 38 0C 0C 00 0C 63 63 00 00 08 00 14 00 00 62 7A\
         7C 00 00 40 60 2E F7
356 SysEx F0 00 00 10 00 56 2A 00 01 01 00 3D 09 00 00 00 44 49\
         52 45 43 54 00 00 01 00 00 10 00 00 00 00 00 00 00 00\
         00 00 00 00 00 00 00 00 00 00 00 00 00 00 00 00 00 00\
         00 00 00 00 00 00 00 00 00 00 00 00 00 00 00 00 00 00\
         00 00 00 00 00 00 00 00 00 00 00 00 00 00 00 00 00 00\
         00 00 00 00 00 00 00 00 00 00 00 00 00 00 00 00 00 00\
         00 00 00 00 00 00 00 00 00 00 00 00 00 00 00 00 00 00\
         00 00 00 00 00 00 00 00 00 00 00 00 00 00 00 00 00 00\
         00 00 00 00 00 00 00 00 00 00 00 00 00 00 00 00 00 00\
         00 00 00 00 00 00 00 00 00 00 00 00 00 00 00 00 00 00\
         00 00 00 00 00 00 00 00 00 00 00 00 00 00 00 00 00 00\
         00 00 00 00 00 00 00 00 00 00 00 00 00 00 00 00 00 00\
         00 00 00 00 00 00 00 00 00 00 00 00 00 00 00 00 00 00\
         00 00 00 00 00 00 00 00 00 00 00 00 00 00 00 00 00 00\
         00 00 00 00\
         00 00 00 00 00 00 00 00 00 00 00 00 00 00 00 00 00 00\
         00 00 00 00 00 00 00 00 00 00 00 00 00 00 00 00 00 00\
         00 00 00 00 00 00 00 00 00 00 00 00 00 00 00 00 00 00\
         00 00 00 00 00 00 00 00 44 F7
357 SysEx F0 00 00 10 00 56 26 04 02 01 00 03 00 00 03 44 7F 00\
         00 00 7F 00 00 22 00 7F 00 00 00 0A 02 08 00 00 01 7F\
         00 00 00 42 0B 02 00 00 01 7F 00 00 00 00 35 F7
358 SysEx F0 00 00 10 00 56 28 00 01 01 00 10 00 00 00 00 01 50\
         01 01 01 00 00 00 51 02 01 01 01 00 52 00 03 01 01 02\
         00 53 04 00 01 01 03 00 28 05 00 00 00 3C 06 01 01 04\
         00 00 3D 07 01 01 06 00 3C 00 08 01 01 04 00 3D 09 00\
         01 01 08 00 54 0A 01 00 01 07 00 55 0B 01 02 00 0A 00\
         56 0C 02 02 0B 00 00 0B 01 57 0D 02 02 00 0C 00 0C 01\
         14 0E 00 00 00 02 0F 02 00 0D 00 00 0D 01 42 F7
359 SysEx F0 00 00 10 00 56 22 00 01 65 F7
360 SysEx F0 00 00 10 00 56 7E 00 01 2D 00 14 F7
361 SysEx F0 00 00 10 00 56 7E 00 01 76 00 4F F7
362 SysEx F0 00 00 10 00 56 7E 00 01 76 00 4F F7
363 SysEx F0 00 00 10 00 56 7E 00 01 76 00 4F F7
364 SysEx F0 00 00 10 00 56 7E 00 01 76 00 4F F7
365 SysEx F0 00 00 10 00 56 7E 00 01 76 00 4F F7
366 SysEx F0 00 00 10 00 56 7E 00 01 76 00 4F F7
367 SysEx F0 00 00 10 00 56 7E 00 01 76 00 4F F7
368 SysEx F0 00 00 10 00 56 7E 00 01 76 00 4F F7
369 SysEx F0 00 00 10 00 56 7E 00 01 76 00 4F F7
370 SysEx F0 00 00 10 00 56 7E 00 01 76 00 4F F7
371 SysEx F0 00 00 10 00 56 7E 00 01 76 00 4F F7
372 SysEx F0 00 00 10 00 56 7E 00 01 76 00 4F F7
373 SysEx F0 00 00 10 00 56 7E 00 01 76 00 4F F7
374 SysEx F0 00 00 10 00 56 7E 00 01 76 00 4F F7
375 SysEx F0 00 00 10 00 56 7E 00 01 76 00 4F F7
376 SysEx F0 00 00 10 00 56 7E 00 01 76 00 4F F7
377 SysEx F0 00 00 10 00 56 7E 00 01 76 00 4F F7
378 SysEx F0 00 00 10 00 56 7E 00 01 76 00 4F F7
379 SysEx F0 00 00 10 00 56 7E 00 01 76 00 4F F7
380 SysEx F0 00 00 10 00 56 7E 00 01 76 00 4F F7
381 SysEx F0 00 00 10 00 56 7E 00 01 76 00 4F F7
382 SysEx F0 00 00 10 00 56 7E 00 01 76 00 4F F7
383 SysEx F0 00 00 10 00 56 7E 00 01 76 00 4F F7
384 SysEx F0 00 00 10 00 56 7E 00 01 76 00 4F F7
385 SysEx F0 00 00 10 00 56 7E 00 01 76 00 4F F7
386 SysEx F0 00 00 10 00 56 7E 00 01 76 00 4F F7
387 SysEx F0 00 00 10 00 56 7E 00 01 76 00 4F F7
388 SysEx F0 00 00 10 00 56 7E 00 01 76 00 4F F7
389 SysEx F0 00 00 10 00 56 7E 00 01 76 00 4F F7
390 SysEx F0 00 00 10 00 56 7E 00 01 76 00 4F F7
391 SysEx F0 00 00 10 00 56 7E 00 01 76 00 4F F7
392 SysEx F0 00 00 10 00 56 7E 00 01 76 00 4F F7
393 SysEx F0 00 00 10 00 56 7E 00 01 76 00 4F F7
394 SysEx F0 00 00 10 00 56 7E 00 01 76 00 4F F7
395 SysEx F0 00 00 10 00 56 7E 00 01 76 00 4F F7
396 SysEx F0 00 00 10 00 56 7E 00 01 76 00 4F F7
397 SysEx F0 00 00 10 00 56 7E 00 01 76 00 4F F7
398 SysEx F0 00 00 10 00 56 7E 00 01 76 00 4F F7
399 SysEx F0 00 00 10 00 56 7E 00 01 76 00 4F F7
400 SysEx F0 00 00 10 00 56 7E 00 01 76 00 4F F7
401 SysEx F0 00 00 10 00 56 7E 00 01 76 00 4F F7
402 SysEx F0 00 00 10 00 56 7E 00 01 76 00 4F F7
403 SysEx F0 00 00 10 00 56 7E 00 01 76 00 4F F7
404 SysEx F0 00 00 10 00 56 7E 00 01 76 00 4F F7
405 SysEx F0 00 00 10 00 56 7E 00 01 76 00 4F F7
406 SysEx F0 00 00 10 00 56 7E 00 01 76 00 4F F7
407 SysEx F0 00 00 10 00 56 7E 00 01 76 00 4F F7
408 SysEx F0 00 00 10 00 56 7E 00 01 76 00 4F F7
409 SysEx F0 00 00 10 00 56 7E 00 01 76 00 4F F7
410 SysEx F0 00 00 10 00 56 7E 00 01 76 00 4F F7
411 SysEx F0 00 00 10 00 56 7E 00 01 76 00 4F F7
412 SysEx F0 00 00 10 00 56 7E 00 01 76 00 4F F7
413 SysEx F0 00 00 10 00 56 7E 00 01 76 00 4F F7
414 SysEx F0 00 00 10 00 56 7E 00 01 76 00 4F F7
415 SysEx F0 00 00 10 00 56 7E 00 01 76 00 4F F7
416 SysEx F0 00 00 10 00 56 7E 00 01 76 00 4F F7
417 SysEx F0 00 00 10 00 56 7E 00 01 76 00 4F F7
418 SysEx F0 00 00 10 00 56 7E 00 01 76 00 4F F7
419 SysEx F0 00 00 10 00 56 7E 00 01 76 00 4F F7
420 SysEx F0 00 00 10 00 56 7E 00 01 76 00 4F F7
421 SysEx F0 00 00 10 00 56 7E 00 01 76 00 4F F7
422 SysEx F0 00 00 10 00 56 7E 00 01 76 00 4F F7
423 SysEx F0 00 00 10 00 56 7E 00 01 76 00 4F F7
424 SysEx F0 00 00 10 00 56 7E 00 01 76 00 4F F7
425 SysEx F0 00 00 10 00 56 7E 00 01 76 00 4F F7
426 SysEx F0 00 00 10 00 56 7E 00 01 76 00 4F F7
427 SysEx F0 00 00 10 00 56 7E 00 01 76 00 4F F7
428 SysEx F0 00 00 10 00 56 7E 00 01 76 00 4F F7
429 SysEx F0 00 00 10 00 56 7E 00 01 76 00 4F F7
430 SysEx F0 00 00 10 00 56 7E 00 01 76 00 4F F7
431 SysEx F0 00 00 10 00 56 7E 00 01 76 00 4F F7
432 SysEx F0 00 00 10 00 56 7E 00 01 76 00 4F F7
433 SysEx F0 00 00 10 00 56 7E 00 01 76 00 4F F7
434 SysEx F0 00 00 10 00 56 7E 00 01 76 00 4F F7
435 SysEx F0 00 00 10 00 56 7E 00 01 76 00 4F F7
436 SysEx F0 00 00 10 00 56 7E 00 01 76 00 4F F7
437 SysEx F0 00 00 10 00 56 7E 00 01 76 00 4F F7
438 SysEx F0 00 00 10 00 56 7E 00 01 76 00 4F F7
439 SysEx F0 00 00 10 00 56 7E 00 01 76 00 4F F7
440 SysEx F0 00 00 10 00 56 7E 00 01 76 00 4F F7
441 SysEx F0 00 00 10 00 56 7E 00 01 76 00 4F F7
442 SysEx F0 00 00 10 00 56 7E 00 01 76 00 4F F7
443 SysEx F0 00 00 10 00 56 7E 00 01 76 00 4F F7
444 SysEx F0 00 00 10 00 56 7E 00 01 76 00 4F F7
445 SysEx F0 00 00 10 00 56 7E 00 01 76 00 4F F7
446 SysEx F0 00 00 10 00 56 7E 00 01 76 00 4F F7
447 SysEx F0 00 00 10 00 56 7E 00 01 76 00 4F F7
448 SysEx F0 00 00 10 00 56 7E 00 01 76 00 4F F7
449 SysEx F0 00 00 10 00 56 7E 00 01 76 00 4F F7
450 SysEx F0 00 00 10 00 56 7E 00 01 76 00 4F F7
451 SysEx F0 00 00 10 00 56 7E 00 01 76 00 4F F7
452 SysEx F0 00 00 10 00 56 7E 00 01 76 00 4F F7
453 SysEx F0 00 00 10 00 56 7E 00 01 76 00 4F F7
454 SysEx F0 00 00 10 00 56 7E 00 01 76 00 4F F7
455 SysEx F0 00 00 10 00 56 7E 00 01 76 00 4F F7
456 SysEx F0 00 00 10 00 56 7E 00 01 76 00 4F F7
457 SysEx F0 00 00 10 00 56 7E 00 01 76 00 4F F7
458 SysEx F0 00 00 10 00 56 7E 00 01 76 00 4F F7
459 SysEx F0 00 00 10 00 56 7E 00 01 76 00 4F F7
460 SysEx F0 00 00 10 00 56 7E 00 01 76 00 4F F7
461 SysEx F0 00 00 10 00 56 7E 00 01 76 00 4F F7
462 SysEx F0 00 00 10 00 56 7E 00 01 76 00 4F F7
463 SysEx F0 00 00 10 00 56 7E 00 01 76 00 4F F7
464 SysEx F0 00 00 10 00 56 7E 00 01 76 00 4F F7
465 SysEx F0 00 00 10 00 56 7E 00 01 76 00 4F F7
466 SysEx F0 00 00 10 00 56 7E 00 01 76 00 4F F7
467 SysEx F0 00 00 10 00 56 7E 00 01 76 00 4F F7
468 SysEx F0 00 00 10 00 56 7E 00 01 70 00 49 F7
TrkEnd
# MIDI-OX: MIDI To Text Format - Closed: Thu 17-Oct-2024 14:42:10
