 002E2917   1   3     F0  Buffer:   121 Bytes   System Exclusive      
 SYSX: F0 00 00 10 00 56 06 00 01 00 6F 00 15 00 25 00 30 30
 SYSX: 03 01 00 01 01 00 02 01 05 01 06 01 07 00 01 08 02 09
 SYSX: 01 0A 02 00 0B 01 0C 01 0D 01 0E 00 01 0F 01 10 01 11
 SYSX: 01 00 12 01 13 01 14 01 15 00 01 20 01 21 01 22 01 00
 SYSX: 23 01 24 02 25 01 26 00 02 27 01 28 01 29 01 00 2A 01
 SYSX: 2B 01 2C 02 2D 00 01 2E 01 70 01 71 01 00 72 01 73 01
 SYSX: 74 01 75 00 01 76 01 7E 01 7F 01 41 F7
 002E2939   1   3     F0  Buffer:    20 Bytes   System Exclusive      
 SYSX: F0 00 00 10 00 56 08 00 02 01 02 3C 09 00 3D 00 09 00
 SYSX: 4E F7
 002E298E   1   3     F0  Buffer:    27 Bytes   System Exclusive      
 SYSX: F0 00 00 10 00 56 21 00 01 02 00 41 41 41 41 09 41 41
 SYSX: 00 7F 08 09 29 00 00 3A F7
 002E2A35   1   3     F0  Buffer:   198 Bytes   System Exclusive      
 SYSX: F0 00 00 10 00 56 24 00 02 02 00 10 00 00 00 02 00 00
 SYSX: 50 01 01 10 01 04 01 51 02 01 43 05 02 00 00 00 00 5C
 SYSX: 52 03 01 40 74 06 00 01 01 0B 63 04 14 53 04 03 04 05
 SYSX: 00 00 01 00 00 32 28 05 00 40 48 05 00 00 00 00 00 00
 SYSX: 3C 06 01 2C 09 00 63 15 64 18 02 09 44 18 02 20 13 08
 SYSX: 18 63 3D 07 01 00 5E 02 00 18 3C 08 01 00 2C 09 00 00
 SYSX: 64 00 00 00 00 00 00 00 3D 09 01 00 5E 02 00 18 54 0A
 SYSX: 02 00 26 04 00 00 00 00 55 10 0B 03 68 08 00 00 00 00
 SYSX: 00 00 00 63 00 56 0C 00 02 58 08 00 00 0A 00 00 00 4B
 SYSX: 63 00 57 0D 02 40 3D 07 00 00 00 00 00 00 63 00 14 0E
 SYSX: 00 64 06 00 00 63 63 03 00 00 02 00 0F 00 02 00 76 F7
 002E2AF9   1   3     F0  Buffer:   256 Bytes   System Exclusive      
 SYSX: F0 00 00 10 00 56 2A 00 01 02 00 3C 06 00 00 00 44 49
 SYSX: 52 45 43 54 00 02 02 4B 29 01 00 7A 02 01 00 00 00 00
 SYSX: 55 15 70 00 29 01 00 77 06 00 71 04 09 00 7A 19 70 29
 SYSX: 01 24 00 74 09 00 5E 19 00 50 0D 2A 70 29 01 00 71 02
 SYSX: 0D 00 44 31 00 0A 4F 44 70 29 01 00 6F 10 00 46 25 4F
 SYSX: 00 6A 0F 70 29 00 01 00 6C 14 00 01 75 18 00 2A 71 70
 SYSX: 29 01 00 45 69 17 00 57 21 00 41 20 7B 71 29 01 00 66
 SYSX: 1B 31 00 27 54 00 2B 36 72 39 55 7E 7F 63 1E 00 71 05
 SYSX: 0E 01 63 27 73 55 7E 64 7F 5F 19 00 35 47 01 57 0C 53
 SYSX: 74 55 7E 7F 5C 01 14 00 71 76 01 77 33 5C 75 55 7E 7F
 SYSX: 58 0F 00 22 25 1B 01 19 3D 77 55 73 7E 7F 54 0A 00 53
 SYSX: 35 1B 01 6B 66 78 55 7E 7F 44 50 05 00 77 46 01 67 6E
 SYSX: 25 7A 55 7E 7F 4C 00 11 00 15 4D 01 03 70 7C 3F 55 7E
 SYSX: 7F 49 7B 7F 2A 47 49 01 39 3C 7E 5E 7F 7A 7F 45 76 7F
 SYSX: 38 3C 01 0E
 002E2B43   1   3     --  Buffer:   256 Bytes   SysEx Continue        
 SYSX: 00 00 00 5E 7F 7F 5F 6B 76 7F 5B 29 01 5B 32 3F 01 5E
 SYSX: 7F 7F 79 75 7F 61 32 15 01 73 52 03 5E 7D 7F 7F 12 75
 SYSX: 7F 3C 01 37 01 7C 5D 04 5E 7F 7F 39 2C 75 7F 7A 6B 01
 SYSX: 29 1F 54 06 5E 7F 7F 46 74 66 7F 6B 55 01 2C 35 07 76
 SYSX: 5E 7F 7F 5F 74 7F 0F 03 3F 01 3A 00 09 5E 7F 78 7F 79
 SYSX: 73 7F 67 27 01 4F 07 33 0A 20 7F 7F 13 72 73 7F 71 0E
 SYSX: 01 45 4E 3B 0B 20 7F 7F 72 72 7F 69 76 74 00 69 50 0C
 SYSX: 20 6F 7F 7F 52 71 7F 39 58 27 00 71 37 0D 20 7F 7F 35
 SYSX: 32 70 7F 3C 3A 00 1C 1D 01 0E 20 7F 7F 11 6F 56 7F 7E
 SYSX: 19 00 29 2B 0E 7E 20 7F 7F 71 6D 7F 7F 13 76 00 58 33
 SYSX: 0F 20 7F 78 7F 51 6C 7F 40 51 00 6F 69 17 0F 20 7F 7F
 SYSX: 30 73 6B 7F 40 29 00 1A 55 05 0F 00 00 20 3B 45 60 04
 SYSX: 00 00 00 45 3A 1F 00 01 00 00 00 00 20 40 0D 44 40 1E
 SYSX: 75 1F 40 72 3F 71 62 0A 60 00 00 20 07 29 65 41 1F 29
 SYSX: 1E 79 1A 28
 002E2B43   1   3     F7  Buffer:   187 Bytes   SysEx End             
 SYSX: 3E 61 56 61 00 00 20 54 5E 5B 42 42 4C 1D 22 54 24 3D
 SYSX: 3E 33 62 00 00 1E 20 3A 5E 44 3A 3C 1B 42 46 21 3B 46
 SYSX: 43 64 00 15 00 20 55 24 50 4E 16 15 14 2B 5B 2F 32 69
 SYSX: 6B 03 00 00 20 08 24 63 07 58 78 0B 78 5B 1C 79 07 45
 SYSX: 74 00 00 20 54 5A 71 04 00 00 00 2C 25 0E 00 11 00 00
 SYSX: 6E 21 0A 12 5E 46 75 00 00 00 31 68 1F 01 00 00 00 00
 SYSX: 00 20 6F 70 30 40 45 52 1F 11 4F 18 3F 3B 2D 60 00 00
 SYSX: 20 54 5E 5B 42 42 4C 1D 22 54 24 3D 3E 33 62 00 00 08
 SYSX: 20 68 07 68 00 00 00 60 18 78 17 00 00 00 00 54 16 05
 SYSX: 5C 0B 38 0C 0C 00 0C 63 63 00 00 08 00 14 00 00 62 7A
 SYSX: 7C 00 00 40 60 23 F7
 002E2BBD   1   3     F0  Buffer:   256 Bytes   System Exclusive      
 SYSX: F0 00 00 10 00 56 2A 00 01 02 00 3D 07 00 00 00 44 49
 SYSX: 52 45 43 54 00 00 01 00 00 10 00 00 00 00 00 00 00 00
 SYSX: 00 00 00 00 00 00 00 00 00 00 00 00 00 00 00 00 00 00
 SYSX: 00 00 00 00 00 00 00 00 00 00 00 00 00 00 00 00 00 00
 SYSX: 00 00 00 00 00 00 00 00 00 00 00 00 00 00 00 00 00 00
 SYSX: 00 00 00 00 00 00 00 00 00 00 00 00 00 00 00 00 00 00
 SYSX: 00 00 00 00 00 00 00 00 00 00 00 00 00 00 00 00 00 00
 SYSX: 00 00 00 00 00 00 00 00 00 00 00 00 00 00 00 00 00 00
 SYSX: 00 00 00 00 00 00 00 00 00 00 00 00 00 00 00 00 00 00
 SYSX: 00 00 00 00 00 00 00 00 00 00 00 00 00 00 00 00 00 00
 SYSX: 00 00 00 00 00 00 00 00 00 00 00 00 00 00 00 00 00 00
 SYSX: 00 00 00 00 00 00 00 00 00 00 00 00 00 00 00 00 00 00
 SYSX: 00 00 00 00 00 00 00 00 00 00 00 00 00 00 00 00 00 00
 SYSX: 00 00 00 00 00 00 00 00 00 00 00 00 00 00 00 00 00 00
 SYSX: 00 00 00 00
 002E2BBD   1   3     F7  Buffer:    64 Bytes   SysEx End             
 SYSX: 00 00 00 00 00 00 00 00 00 00 00 00 00 00 00 00 00 00
 SYSX: 00 00 00 00 00 00 00 00 00 00 00 00 00 00 00 00 00 00
 SYSX: 00 00 00 00 00 00 00 00 00 00 00 00 00 00 00 00 00 00
 SYSX: 00 00 00 00 00 00 00 00 49 F7
 002E2C81   1   3     F0  Buffer:   256 Bytes   System Exclusive      
 SYSX: F0 00 00 10 00 56 2A 00 01 02 00 3C 08 00 00 00 44 49
 SYSX: 52 45 43 54 00 02 02 4B 29 01 00 7A 02 01 00 00 00 00
 SYSX: 55 15 70 00 29 01 00 77 06 00 71 04 09 00 7A 19 70 29
 SYSX: 01 24 00 74 09 00 5E 19 00 50 0D 2A 70 29 01 00 71 02
 SYSX: 0D 00 44 31 00 0A 4F 44 70 29 01 00 6F 10 00 46 25 4F
 SYSX: 00 6A 0F 70 29 00 01 00 6C 14 00 01 75 18 00 2A 71 70
 SYSX: 29 01 00 45 69 17 00 57 21 00 41 20 7B 71 29 01 00 66
 SYSX: 1B 31 00 27 54 00 2B 36 72 39 55 7E 7F 63 1E 00 71 05
 SYSX: 0E 01 63 27 73 55 7E 64 7F 5F 19 00 35 47 01 57 0C 53
 SYSX: 74 55 7E 7F 5C 01 14 00 71 76 01 77 33 5C 75 55 7E 7F
 SYSX: 58 0F 00 22 25 1B 01 19 3D 77 55 73 7E 7F 54 0A 00 53
 SYSX: 35 1B 01 6B 66 78 55 7E 7F 44 50 05 00 77 46 01 67 6E
 SYSX: 25 7A 55 7E 7F 4C 00 11 00 15 4D 01 03 70 7C 3F 55 7E
 SYSX: 7F 49 7B 7F 2A 47 49 01 39 3C 7E 5E 7F 7A 7F 45 76 7F
 SYSX: 38 3C 01 0E
 002E2CC9   1   3     --  Buffer:   256 Bytes   SysEx Continue        
 SYSX: 00 00 00 5E 7F 7F 5F 6B 76 7F 5B 29 01 5B 32 3F 01 5E
 SYSX: 7F 7F 79 75 7F 61 32 15 01 73 52 03 5E 7D 7F 7F 12 75
 SYSX: 7F 3C 01 37 01 7C 5D 04 5E 7F 7F 39 2C 75 7F 7A 6B 01
 SYSX: 29 1F 54 06 5E 7F 7F 46 74 66 7F 6B 55 01 2C 35 07 76
 SYSX: 5E 7F 7F 5F 74 7F 0F 03 3F 01 3A 00 09 5E 7F 78 7F 79
 SYSX: 73 7F 67 27 01 4F 07 33 0A 20 7F 7F 13 72 73 7F 71 0E
 SYSX: 01 45 4E 3B 0B 20 7F 7F 72 72 7F 69 76 74 00 69 50 0C
 SYSX: 20 6F 7F 7F 52 71 7F 39 58 27 00 71 37 0D 20 7F 7F 35
 SYSX: 32 70 7F 3C 3A 00 1C 1D 01 0E 20 7F 7F 11 6F 56 7F 7E
 SYSX: 19 00 29 2B 0E 7E 20 7F 7F 71 6D 7F 7F 13 76 00 58 33
 SYSX: 0F 20 7F 78 7F 51 6C 7F 40 51 00 6F 69 17 0F 20 7F 7F
 SYSX: 30 73 6B 7F 40 29 00 1A 55 05 0F 00 00 20 3B 45 60 04
 SYSX: 00 00 00 45 3A 1F 00 01 00 00 00 00 20 40 0D 44 40 1E
 SYSX: 75 1F 40 72 3F 71 62 0A 60 00 00 20 07 29 65 41 1F 29
 SYSX: 1E 79 1A 28
 002E2CC9   1   3     F7  Buffer:   187 Bytes   SysEx End             
 SYSX: 3E 61 56 61 00 00 20 54 5E 5B 42 42 4C 1D 22 54 24 3D
 SYSX: 3E 33 62 00 00 1E 20 3A 5E 44 3A 3C 1B 42 46 21 3B 46
 SYSX: 43 64 00 15 00 20 55 24 50 4E 16 15 14 2B 5B 2F 32 69
 SYSX: 6B 03 00 00 20 08 24 63 07 58 78 0B 78 5B 1C 79 07 45
 SYSX: 74 00 00 20 54 5A 71 04 00 00 00 2C 25 0E 00 11 00 00
 SYSX: 6E 21 0A 12 5E 46 75 00 00 00 31 68 1F 01 00 00 00 00
 SYSX: 00 20 6F 70 30 40 45 52 1F 11 4F 18 3F 3B 2D 60 00 00
 SYSX: 20 54 5E 5B 42 42 4C 1D 22 54 24 3D 3E 33 62 00 00 08
 SYSX: 20 68 07 68 00 00 00 60 18 78 17 00 00 00 00 54 16 05
 SYSX: 5C 0B 38 0C 0C 00 0C 63 63 00 00 08 00 14 00 00 62 7A
 SYSX: 7C 00 00 40 60 2D F7
 002E2D44   1   3     F0  Buffer:   256 Bytes   System Exclusive      
 SYSX: F0 00 00 10 00 56 2A 00 01 02 00 3D 09 00 00 00 44 49
 SYSX: 52 45 43 54 00 00 01 00 00 10 00 00 00 00 00 00 00 00
 SYSX: 00 00 00 00 00 00 00 00 00 00 00 00 00 00 00 00 00 00
 SYSX: 00 00 00 00 00 00 00 00 00 00 00 00 00 00 00 00 00 00
 SYSX: 00 00 00 00 00 00 00 00 00 00 00 00 00 00 00 00 00 00
 SYSX: 00 00 00 00 00 00 00 00 00 00 00 00 00 00 00 00 00 00
 SYSX: 00 00 00 00 00 00 00 00 00 00 00 00 00 00 00 00 00 00
 SYSX: 00 00 00 00 00 00 00 00 00 00 00 00 00 00 00 00 00 00
 SYSX: 00 00 00 00 00 00 00 00 00 00 00 00 00 00 00 00 00 00
 SYSX: 00 00 00 00 00 00 00 00 00 00 00 00 00 00 00 00 00 00
 SYSX: 00 00 00 00 00 00 00 00 00 00 00 00 00 00 00 00 00 00
 SYSX: 00 00 00 00 00 00 00 00 00 00 00 00 00 00 00 00 00 00
 SYSX: 00 00 00 00 00 00 00 00 00 00 00 00 00 00 00 00 00 00
 SYSX: 00 00 00 00 00 00 00 00 00 00 00 00 00 00 00 00 00 00
 SYSX: 00 00 00 00
 002E2D44   1   3     F7  Buffer:    64 Bytes   SysEx End             
 SYSX: 00 00 00 00 00 00 00 00 00 00 00 00 00 00 00 00 00 00
 SYSX: 00 00 00 00 00 00 00 00 00 00 00 00 00 00 00 00 00 00
 SYSX: 00 00 00 00 00 00 00 00 00 00 00 00 00 00 00 00 00 00
 SYSX: 00 00 00 00 00 00 00 00 47 F7
 002E2D58   1   3     F0  Buffer:    52 Bytes   System Exclusive      
 SYSX: F0 00 00 10 00 56 26 04 02 02 00 03 00 00 03 44 7F 00
 SYSX: 00 00 7F 00 00 22 00 7F 00 00 00 0A 02 08 00 00 01 7F
 SYSX: 00 00 00 42 0B 02 00 00 01 7F 00 00 00 00 36 F7
 002E2D88   1   3     F0  Buffer:   124 Bytes   System Exclusive      
 SYSX: F0 00 00 10 00 56 28 00 01 02 00 10 00 00 00 00 01 50
 SYSX: 01 01 01 00 00 00 51 02 01 01 01 00 52 00 03 01 01 02
 SYSX: 00 53 04 00 01 01 03 00 28 05 00 00 00 3C 06 01 01 04
 SYSX: 00 00 3D 07 01 01 06 00 3C 00 08 01 01 04 00 3D 09 00
 SYSX: 01 01 08 00 54 0A 01 00 01 07 00 55 0B 01 02 00 0A 00
 SYSX: 56 0C 02 02 0B 00 00 0B 01 57 0D 02 02 00 0C 00 0C 01
 SYSX: 14 0E 00 00 00 02 0F 02 00 0D 00 00 0D 01 41 F7
 002E2D8C   1   3     F0  Buffer:    11 Bytes   System Exclusive      
 SYSX: F0 00 00 10 00 56 22 00 01 65 F7
 002E3F0D   1   3     F0  Buffer:   256 Bytes   System Exclusive      
 SYSX: F0 00 00 10 00 56 13 00 01 30 41 41 41 41 41 00 41 00
 SYSX: 41 41 41 41 41 00 41 00 32 43 48 55 4E 00 4B 00 57 41
 SYSX: 52 50 4D 00 45 00 42 4C 4B 42 41 00 53 00 4D 45 41 54
 SYSX: 58 00 32 00 45 52 49 43 20 00 4A 00 43 41 52 4C 4F 00
 SYSX: 53 00 4B 4F 42 42 20 00 20 00 42 41 53 53 4D 00 4E 00
 SYSX: 4D 41 54 43 48 00 44 00 56 4F 58 54 4F 00 50 00 42 4C
 SYSX: 55 44 4C 00 59 00 42 4C 55 42 41 00 4C 00 54 45 58 42
 SYSX: 4C 00 55 00 50 49 43 4B 45 00 4E 00 50 53 54 45 45 00
 SYSX: 4C 00 41 20 4D 49 58 00 4F 00 4D 4F 20 57 41 00 48 00
 SYSX: 46 41 5A 4F 55 00 54 00 54 48 49 43 4B 00 52 00 41 43
 SYSX: 4F 55 53 00 54 00 43 4D 50 43 4C 00 4E 00 57 52 4D 43
 SYSX: 4C 00 4E 00 52 45 43 54 46 00 59 00 53 4F 4C 4F 20 00
 SYSX: 20 00 57 48 41 4D 4D 00 59 00 53 54 41 43 4B 00 44 00
 SYSX: 56 4F 4C 53 57 00 4C 00 42 49 47 44 55 00 4B 00 4A 41
 SYSX: 5A 5A 59 00
 002E3F0D   1   3     F7  Buffer:   140 Bytes   SysEx End             
 SYSX: 20 00 35 54 48 53 20 00 20 00 46 55 53 4F 4C 00 4F 00
 SYSX: 53 55 52 46 49 00 4E 00 46 55 5A 5A 4F 00 20 00 54 52
 SYSX: 45 4D 42 00 4F 00 43 4C 4E 57 41 00 48 00 46 4E 4B 50
 SYSX: 48 00 53 00 45 4E 56 4C 4F 00 50 00 42 4C 4B 46 55 00
 SYSX: 5A 00 54 55 4E 43 41 00 42 00 54 52 47 50 48 00 53 00
 SYSX: 50 53 59 4E 54 00 48 00 52 4F 54 41 52 00 59 00 59 41
 SYSX: 59 41 20 00 20 00 53 54 55 54 54 00 52 00 54 52 49 50
 SYSX: 4C 00 54 00 44 49 56 42 4F 00 4D 00 64 F7
 002E3FCE   1   3     F0  Buffer:    13 Bytes   System Exclusive      
 SYSX: F0 00 00 10 00 56 7E 00 01 76 00 4F F7
 002E3FEF   1   3     F0  Buffer:    13 Bytes   System Exclusive      
 SYSX: F0 00 00 10 00 56 7E 00 01 76 00 4F F7
 002E4004   1   3     F0  Buffer:    13 Bytes   System Exclusive      
 SYSX: F0 00 00 10 00 56 7E 00 01 76 00 4F F7
 002E4019   1   3     F0  Buffer:    13 Bytes   System Exclusive      
 SYSX: F0 00 00 10 00 56 7E 00 01 76 00 4F F7
 002E4030   1   3     F0  Buffer:    13 Bytes   System Exclusive      
 SYSX: F0 00 00 10 00 56 7E 00 01 76 00 4F F7
 002E4047   1   3     F0  Buffer:    13 Bytes   System Exclusive      
 SYSX: F0 00 00 10 00 56 7E 00 01 76 00 4F F7
 002E405F   1   3     F0  Buffer:    13 Bytes   System Exclusive      
 SYSX: F0 00 00 10 00 56 7E 00 01 76 00 4F F7
 002E4076   1   3     F0  Buffer:    13 Bytes   System Exclusive      
 SYSX: F0 00 00 10 00 56 7E 00 01 76 00 4F F7
 002E408B   1   3     F0  Buffer:    13 Bytes   System Exclusive      
 SYSX: F0 00 00 10 00 56 7E 00 01 76 00 4F F7
 002E40A3   1   3     F0  Buffer:    13 Bytes   System Exclusive      
 SYSX: F0 00 00 10 00 56 7E 00 01 76 00 4F F7
 002E40BA   1   3     F0  Buffer:    13 Bytes   System Exclusive      
 SYSX: F0 00 00 10 00 56 7E 00 01 76 00 4F F7
 002E40CF   1   3     F0  Buffer:    13 Bytes   System Exclusive      
 SYSX: F0 00 00 10 00 56 7E 00 01 76 00 4F F7
 002E40E9   1   3     F0  Buffer:    13 Bytes   System Exclusive      
 SYSX: F0 00 00 10 00 56 7E 00 01 76 00 4F F7
 002E4100   1   3     F0  Buffer:    13 Bytes   System Exclusive      
 SYSX: F0 00 00 10 00 56 7E 00 01 76 00 4F F7
 002E4116   1   3     F0  Buffer:    13 Bytes   System Exclusive      
 SYSX: F0 00 00 10 00 56 7E 00 01 76 00 4F F7
 002E412D   1   3     F0  Buffer:    13 Bytes   System Exclusive      
 SYSX: F0 00 00 10 00 56 7E 00 01 76 00 4F F7
 002E4163   1   3     F0  Buffer:    13 Bytes   System Exclusive      
 SYSX: F0 00 00 10 00 56 7E 00 01 76 00 4F F7
 002E4183   1   3     F0  Buffer:    13 Bytes   System Exclusive      
 SYSX: F0 00 00 10 00 56 7E 00 01 76 00 4F F7
 002E419E   1   3     F0  Buffer:    13 Bytes   System Exclusive      
 SYSX: F0 00 00 10 00 56 7E 00 01 76 00 4F F7
 <=== MIDI-OX Log Closed: Fri 18-Oct-2024 15:53:04 <===
